-478500429 1514009126
-714352662 387669970
508388764 -35690716
954582497 -402241023
308538310 444436638
-1516631089 -952932586
983568526 -1462435374
2399424528 1613723134
468920021 -2091947257
-1008409132 1821358023
1449597966 -1795240056
-1918777424 -1294787179
1540669936 -55174458
-1025727740 1826793851
1024239243 485634054
-652611560 -5312682
1314233607 1461249941
894238928 -1358811702
-1334621900 2431681688
2154697750 91890691
2442792051 2589064204
1830055183 813974583
-414106779 4908247
-2063712160 -1676126066
-1155653452 2020252440
333822742 2106514225
1358716192 29106615
-1696390312 2620648227
-848796913 -767492818
1154146423 -2107753953
147738201 1107328201
-62198293 -31532594
-431937096 -80131226
-169142780 2411426090
2579600953 2603772710
2092347266 -379383920
195423447 -1195584616
-1847786854 -1754159050
430917366 1109439953
483171114 -493272201
1774126035 2406573912
-2034408089 -420478429
189528107 -944405092
-1595320872 1404391839
416711447 -1092511493
2550506421 -2017148028
-1169881170 -943177931
-354177950 1201468252
71727616 -19902567
256813803 2129291667
668733309 2365981427
1376669658 -1801352955
713401918 1724992441
-1980639154 645367412
1878162432 -1277956844
314187839 1045707264
-1233093622 961361450
30863190 1326853946
2554894272 2441509359
1012752128 456877952
2214118843 636229781
1631547317 1305642916
-1166358548 679065227
2613625637 1923612571
-1475636778 854616656
1221665363 2214923916
852288627 2028541931
2033448010 217593246
-275115101 -222398664
1622905259 -1470155830
1684379805 -1682732517
75084521 1176446296
759084464 360041862
2020818800 -468474845
75059763 2080769297
-345333063 -1559266777
366753689 55381804
930329012 198363154
268087601 2555231057
2291592388 -1503951619
-131890886 1884761458
-1991497773 2272020770
859422172 2059305165
-1570498949 755241458
-1914524498 1165867755
2700097845 -1208094523
1363532654 1583253448
-482780342 -1901246483
2680780478 -1024120566
1396077985 -351365543
504775693 186377739
-1157835332 145791773
2359249540 881227835
791368273 -634641634
-1071094373 1904589194
-1784487229 1838290767
779986089 -1092703066
-1476477199 186497425
-436243054 651392670
2199955107 1296532448
